18
18
3
3
7
18
7
15
7
10
7
3
7
9
9
9
15
5
7
7
7
15
7
3
7
9
3
3
3
3
3
3
9
15
15
14
4
18
2
4
4
9
4
15
14
9
9
13
14
14
2
18
5
18
14
14
15
9
2
9
6
18
8
14
4
14
4
10
16
15
2
4
2
14
18
18
5
18
14
20
5
2
4
2
10
16
5
15
15
10
10
5
4
1
8
2
8
13
1
5
10
2
2
10
8
6
10
4
10
5
10
5
19
12
5
1
1
17
17
19
8
12
8
11
12
16
11
17
1
19
16
1
8
19
8
16
12
16
16
17
8
16
12
6
11
1
8
6
17
6
11
17
16
19
11
16
17
1
17
17
13
12
12
17
11
20
6
1
6
20
19
19
11
19
19
11
11
1
19
12
6
12
12
11
13
6
13
13
13
6
13
13
13
20
20
20
20
20
20
20
